0.00000000e+00 3.92156863e-03 3.92156863e-03 0.00000000e+00 0.00000000e+00 1.17647059e-02 3.92156863e-03 0.00000000e+00 0.00000000e+00 0.00000000e+00 1.56862745e-02 1.56862745e-02 7.84313725e-03 0.00000000e+00 0.00000000e+00 0.00000000e+00 0.00000000e+00 0.00000000e+00 0.00000000e+00 0.00000000e+00 0.00000000e+00 0.00000000e+00 0.00000000e+00 0.00000000e+00 0.00000000e+00 0.00000000e+00 0.00000000e+00 0.00000000e+00
0.00000000e+00 0.00000000e+00 3.92156863e-03 0.00000000e+00 0.00000000e+00 0.00000000e+00 0.00000000e+00 1.17647059e-02 0.00000000e+00 0.00000000e+00 0.00000000e+00 0.00000000e+00 0.00000000e+00 0.00000000e+00 1.17647059e-02 2.74509804e-02 0.00000000e+00 0.00000000e+00 0.00000000e+00 0.00000000e+00 0.00000000e+00 0.00000000e+00 0.00000000e+00 0.00000000e+00 0.00000000e+00 0.00000000e+00 0.00000000e+00 0.00000000e+00
3.92156863e-03 0.00000000e+00 0.00000000e+00 2.35294118e-02 4.31372549e-02 1.96078431e-02 1.17647059e-02 2.35294118e-02 1.56862745e-02 1.56862745e-02 1.17647059e-02 7.84313725e-03 3.92156863e-03 0.00000000e+00 0.00000000e+00 0.00000000e+00 0.00000000e+00 0.00000000e+00 0.00000000e+00 0.00000000e+00 0.00000000e+00 0.00000000e+00 0.00000000e+00 0.00000000e+00 0.00000000e+00 0.00000000e+00 0.00000000e+00 0.00000000e+00
1.96078431e-02 3.92156863e-03 0.00000000e+00 0.00000000e+00 0.00000000e+00 0.00000000e+00 0.00000000e+00 0.00000000e+00 0.00000000e+00 0.00000000e+00 0.00000000e+00 0.00000000e+00 1.17647059e-02 1.17647059e-02 7.84313725e-03 0.00000000e+00 0.00000000e+00 0.00000000e+00 0.00000000e+00 0.00000000e+00 0.00000000e+00 0.00000000e+00 0.00000000e+00 0.00000000e+00 0.00000000e+00 0.00000000e+00 0.00000000e+00 0.00000000e+00
0.00000000e+00 2.35294118e-02 2.74509804e-02 0.00000000e+00 0.00000000e+00 0.00000000e+00 2.74509804e-02 2.74509804e-02 3.13725490e-02 1.56862745e-02 0.00000000e+00 0.00000000e+00 0.00000000e+00 7.84313725e-03 1.17647059e-02 1.17647059e-02 0.00000000e+00 0.00000000e+00 0.00000000e+00 0.00000000e+00 0.00000000e+00 0.00000000e+00 0.00000000e+00 0.00000000e+00 0.00000000e+00 0.00000000e+00 0.00000000e+00 0.00000000e+00
0.00000000e+00 0.00000000e+00 0.00000000e+00 0.00000000e+00 2.35294118e-02 3.92156863e-02 0.00000000e+00 0.00000000e+00 0.00000000e+00 0.00000000e+00 0.00000000e+00 0.00000000e+00 7.84313725e-03 7.84313725e-03 0.00000000e+00 0.00000000e+00 0.00000000e+00 0.00000000e+00 0.00000000e+00 0.00000000e+00 0.00000000e+00 0.00000000e+00 0.00000000e+00 0.00000000e+00 0.00000000e+00 0.00000000e+00 0.00000000e+00 0.00000000e+00
3.92156863e-02 0.00000000e+00 0.00000000e+00 0.00000000e+00 0.00000000e+00 0.00000000e+00 0.00000000e+00 2.74509804e-02 4.31372549e-02 1.96078431e-02 0.00000000e+00 0.00000000e+00 0.00000000e+00 7.84313725e-03 0.00000000e+00 0.00000000e+00 0.00000000e+00 0.00000000e+00 0.00000000e+00 0.00000000e+00 0.00000000e+00 0.00000000e+00 0.00000000e+00 0.00000000e+00 0.00000000e+00 0.00000000e+00 0.00000000e+00 0.00000000e+00
0.00000000e+00 0.00000000e+00 1.96078431e-02 2.74509804e-02 0.00000000e+00 1.56862745e-02 3.41176471e-01 7.09803922e-01 6.31372549e-01 4.98039216e-01 2.98039216e-01 1.21568627e-01 1.96078431e-02 0.00000000e+00 0.00000000e+00 1.17647059e-02 0.00000000e+00 0.00000000e+00 0.00000000e+00 0.00000000e+00 0.00000000e+00 0.00000000e+00 0.00000000e+00 0.00000000e+00 0.00000000e+00 0.00000000e+00 0.00000000e+00 0.00000000e+00
0.00000000e+00 7.84313725e-03 7.84313725e-03 3.92156863e-03 3.92156863e-03 0.00000000e+00 8.62745098e-01 1.00000000e+00 9.64705882e-01 1.00000000e+00 9.64705882e-01 9.64705882e-01 8.15686275e-01 7.64705882e-01 7.49019608e-01 7.64705882e-01 7.41176471e-01 7.92156863e-01 7.72549020e-01 8.43137255e-01 6.39215686e-01 1.68627451e-01 2.35294118e-02 0.00000000e+00 0.00000000e+00 0.00000000e+00 0.00000000e+00 0.00000000e+00
1.96078431e-02 0.00000000e+00 1.17647059e-02 0.00000000e+00 0.00000000e+00 0.00000000e+00 3.84313725e-01 4.07843137e-01 3.09803922e-01 4.43137255e-01 6.31372549e-01 8.54901961e-01 9.64705882e-01 9.41176471e-01 1.00000000e+00 1.00000000e+00 1.00000000e+00 1.00000000e+00 8.90196078e-01 9.09803922e-01 1.00000000e+00 5.45098039e-01 1.56862745e-02 7.84313725e-03 0.00000000e+00 0.00000000e+00 0.00000000e+00 0.00000000e+00
2.74509804e-02 0.00000000e+00 2.74509804e-02 0.00000000e+00 1.17647059e-02 0.00000000e+00 7.84313725e-03 3.92156863e-03 0.00000000e+00 0.00000000e+00 3.92156863e-02 1.05882353e-01 1.92156863e-01 8.62745098e-02 2.00000000e-01 2.39215686e-01 2.23529412e-01 2.35294118e-01 4.70588235e-02 9.52941176e-01 1.00000000e+00 4.35294118e-01 0.00000000e+00 4.70588235e-02 0.00000000e+00 0.00000000e+00 0.00000000e+00 0.00000000e+00
3.92156863e-03 0.00000000e+00 2.35294118e-02 0.00000000e+00 3.92156863e-03 1.17647059e-02 0.00000000e+00 1.17647059e-02 3.92156863e-03 0.00000000e+00 0.00000000e+00 1.17647059e-02 5.09803922e-02 0.00000000e+00 4.31372549e-02 5.49019608e-02 5.09803922e-02 0.00000000e+00 3.21568627e-01 9.80392157e-01 7.64705882e-01 4.31372549e-02 3.92156863e-02 0.00000000e+00 0.00000000e+00 0.00000000e+00 0.00000000e+00 0.00000000e+00
0.00000000e+00 3.13725490e-02 0.00000000e+00 0.00000000e+00 0.00000000e+00 0.00000000e+00 0.00000000e+00 3.92156863e-02 0.00000000e+00 3.13725490e-02 0.00000000e+00 2.35294118e-02 0.00000000e+00 0.00000000e+00 0.00000000e+00 0.00000000e+00 0.00000000e+00 4.31372549e-02 9.09803922e-01 1.00000000e+00 3.64705882e-01 0.00000000e+00 4.70588235e-02 2.74509804e-02 0.00000000e+00 0.00000000e+00 0.00000000e+00 0.00000000e+00
0.00000000e+00 3.52941176e-02 0.00000000e+00 3.92156863e-03 2.74509804e-02 0.00000000e+00 0.00000000e+00 0.00000000e+00 0.00000000e+00 5.49019608e-02 0.00000000e+00 0.00000000e+00 0.00000000e+00 2.74509804e-02 4.31372549e-02 2.35294118e-02 0.00000000e+00 5.13725490e-01 1.00000000e+00 9.25490196e-01 1.13725490e-01 3.13725490e-02 0.00000000e+00 0.00000000e+00 0.00000000e+00 0.00000000e+00 0.00000000e+00 0.00000000e+00
0.00000000e+00 0.00000000e+00 0.00000000e+00 0.00000000e+00 3.13725490e-02 0.00000000e+00 2.35294118e-02 0.00000000e+00 0.00000000e+00 1.56862745e-02 0.00000000e+00 2.35294118e-02 1.17647059e-02 0.00000000e+00 7.84313725e-03 0.00000000e+00 2.35294118e-01 9.80392157e-01 9.84313725e-01 2.35294118e-01 1.56862745e-02 0.00000000e+00 1.05882353e-01 0.00000000e+00 0.00000000e+00 0.00000000e+00 0.00000000e+00 0.00000000e+00
1.56862745e-02 0.00000000e+00 4.31372549e-02 0.00000000e+00 0.00000000e+00 0.00000000e+00 1.96078431e-02 1.56862745e-02 7.84313725e-03 0.00000000e+00 0.00000000e+00 0.00000000e+00 4.31372549e-02 0.00000000e+00 1.96078431e-02 3.92156863e-03 5.25490196e-01 9.72549020e-01 7.64705882e-01 0.00000000e+00 3.92156863e-02 0.00000000e+00 0.00000000e+00 3.52941176e-02 0.00000000e+00 0.00000000e+00 0.00000000e+00 0.00000000e+00
0.00000000e+00 0.00000000e+00 0.00000000e+00 0.00000000e+00 0.00000000e+00 0.00000000e+00 0.00000000e+00 0.00000000e+00 1.17647059e-02 0.00000000e+00 4.31372549e-02 1.17647059e-02 0.00000000e+00 0.00000000e+00 0.00000000e+00 3.92156863e-02 8.03921569e-01 9.80392157e-01 2.31372549e-01 0.00000000e+00 0.00000000e+00 3.92156863e-03 3.92156863e-03 1.56862745e-02 0.00000000e+00 0.00000000e+00 0.00000000e+00 0.00000000e+00
0.00000000e+00 0.00000000e+00 0.00000000e+00 0.00000000e+00 0.00000000e+00 0.00000000e+00 0.00000000e+00 0.00000000e+00 1.56862745e-02 0.00000000e+00 0.00000000e+00 5.49019608e-02 0.00000000e+00 5.88235294e-02 0.00000000e+00 5.29411765e-01 9.96078431e-01 6.62745098e-01 6.27450980e-02 0.00000000e+00 1.17647059e-02 1.17647059e-02 0.00000000e+00 1.96078431e-02 0.00000000e+00 0.00000000e+00 0.00000000e+00 0.00000000e+00
0.00000000e+00 0.00000000e+00 0.00000000e+00 0.00000000e+00 0.00000000e+00 0.00000000e+00 0.00000000e+00 0.00000000e+00 0.00000000e+00 5.49019608e-02 0.00000000e+00 0.00000000e+00 5.09803922e-02 2.35294118e-02 2.00000000e-01 9.96078431e-01 9.64705882e-01 2.70588235e-01 0.00000000e+00 0.00000000e+00 1.56862745e-02 2.35294118e-02 0.00000000e+00 1.17647059e-02 0.00000000e+00 0.00000000e+00 0.00000000e+00 0.00000000e+00
0.00000000e+00 0.00000000e+00 0.00000000e+00 0.00000000e+00 0.00000000e+00 0.00000000e+00 0.00000000e+00 0.00000000e+00 1.17647059e-02 0.00000000e+00 0.00000000e+00 8.23529412e-02 0.00000000e+00 9.01960784e-02 9.29411765e-01 9.88235294e-01 5.76470588e-01 3.52941176e-02 0.00000000e+00 0.00000000e+00 0.00000000e+00 1.17647059e-02 3.92156863e-03 0.00000000e+00 0.00000000e+00 0.00000000e+00 0.00000000e+00 0.00000000e+00
0.00000000e+00 0.00000000e+00 0.00000000e+00 0.00000000e+00 0.00000000e+00 0.00000000e+00 0.00000000e+00 0.00000000e+00 2.74509804e-02 0.00000000e+00 6.66666667e-02 0.00000000e+00 0.00000000e+00 8.03921569e-01 9.80392157e-01 8.62745098e-01 1.68627451e-01 0.00000000e+00 2.74509804e-02 0.00000000e+00 1.56862745e-02 0.00000000e+00 2.35294118e-02 3.92156863e-03 0.00000000e+00 0.00000000e+00 0.00000000e+00 0.00000000e+00
0.00000000e+00 0.00000000e+00 0.00000000e+00 0.00000000e+00 0.00000000e+00 0.00000000e+00 0.00000000e+00 0.00000000e+00 2.35294118e-02 0.00000000e+00 0.00000000e+00 5.88235294e-02 2.78431373e-01 9.60784314e-01 1.00000000e+00 2.74509804e-01 1.17647059e-02 0.00000000e+00 0.00000000e+00 0.00000000e+00 4.31372549e-02 0.00000000e+00 0.00000000e+00 1.17647059e-02 0.00000000e+00 0.00000000e+00 0.00000000e+00 0.00000000e+00
0.00000000e+00 0.00000000e+00 0.00000000e+00 0.00000000e+00 0.00000000e+00 0.00000000e+00 0.00000000e+00 0.00000000e+00 0.00000000e+00 4.31372549e-02 0.00000000e+00 1.21568627e-01 8.07843137e-01 9.76470588e-01 4.94117647e-01 0.00000000e+00 1.56862745e-02 0.00000000e+00 0.00000000e+00 0.00000000e+00 2.74509804e-02 0.00000000e+00 0.00000000e+00 3.92156863e-03 0.00000000e+00 0.00000000e+00 0.00000000e+00 0.00000000e+00
0.00000000e+00 0.00000000e+00 0.00000000e+00 0.00000000e+00 0.00000000e+00 0.00000000e+00 0.00000000e+00 0.00000000e+00 7.84313725e-03 0.00000000e+00 4.70588235e-02 4.86274510e-01 1.00000000e+00 1.00000000e+00 1.84313725e-01 0.00000000e+00 1.96078431e-02 0.00000000e+00 5.09803922e-02 0.00000000e+00 0.00000000e+00 4.31372549e-02 0.00000000e+00 0.00000000e+00 0.00000000e+00 0.00000000e+00 0.00000000e+00 0.00000000e+00
0.00000000e+00 0.00000000e+00 0.00000000e+00 0.00000000e+00 0.00000000e+00 0.00000000e+00 0.00000000e+00 0.00000000e+00 2.35294118e-02 0.00000000e+00 2.86274510e-01 9.21568627e-01 9.72549020e-01 9.84313725e-01 2.07843137e-01 2.74509804e-02 0.00000000e+00 0.00000000e+00 0.00000000e+00 0.00000000e+00 0.00000000e+00 0.00000000e+00 0.00000000e+00 0.00000000e+00 0.00000000e+00 0.00000000e+00 0.00000000e+00 0.00000000e+00
0.00000000e+00 0.00000000e+00 0.00000000e+00 0.00000000e+00 0.00000000e+00 0.00000000e+00 0.00000000e+00 0.00000000e+00 0.00000000e+00 4.31372549e-02 4.62745098e-01 9.80392157e-01 1.00000000e+00 8.70588235e-01 2.03921569e-01 0.00000000e+00 0.00000000e+00 0.00000000e+00 0.00000000e+00 0.00000000e+00 0.00000000e+00 0.00000000e+00 0.00000000e+00 0.00000000e+00 0.00000000e+00 0.00000000e+00 0.00000000e+00 0.00000000e+00
0.00000000e+00 0.00000000e+00 0.00000000e+00 0.00000000e+00 0.00000000e+00 0.00000000e+00 0.00000000e+00 0.00000000e+00 0.00000000e+00 0.00000000e+00 4.98039216e-01 1.00000000e+00 8.11764706e-01 1.29411765e-01 0.00000000e+00 9.41176471e-02 0.00000000e+00 0.00000000e+00 0.00000000e+00 0.00000000e+00 0.00000000e+00 0.00000000e+00 0.00000000e+00 0.00000000e+00 0.00000000e+00 0.00000000e+00 0.00000000e+00 0.00000000e+00
0.00000000e+00 0.00000000e+00 0.00000000e+00 0.00000000e+00 0.00000000e+00 0.00000000e+00 0.00000000e+00 0.00000000e+00 3.92156863e-02 0.00000000e+00 0.00000000e+00 0.00000000e+00 0.00000000e+00 0.00000000e+00 3.13725490e-02 0.00000000e+00 0.00000000e+00 0.00000000e+00 0.00000000e+00 0.00000000e+00 0.00000000e+00 0.00000000e+00 0.00000000e+00 0.00000000e+00 0.00000000e+00 0.00000000e+00 0.00000000e+00 0.00000000e+00
